236.23350559127687
615.8732991382582
121.73473002632385
726.6264024197421
902.3201246612157
662.221736707962
193.5667342347517
853.5650719401694
717.0654509005137
337.12611681204896
371.65445330929793
828.2578288969772
635.3162689470046
913.4906730801911
925.3291812351763
695.090905771579
552.8594039241137
901.8504236239119
525.9809644271778
273.83757281928666
457.03640082632137
603.5520756315109
960.3331102017653
532.4592076614645
904.6023751831231
444.3581945879661
858.9075628648901
153.72019012463966
768.6685458984896
567.5720172103012
20.2930089346105
870.9408783097422
600.1656106797532
728.829394789128
564.4885815924777
637.7489404656719
780.9066924681782
942.315974511703
225.40018476195235
772.6972860214032
405.6417294146929
298.3921006726953
611.5080803304767
981.8606211105272
839.5380216931807
248.96071472255343
195.81335601866869
654.2447581427136
991.1928588181094
514.7877132027508
556.0348582273384
42.892149201659734
379.58428780195607
244.71289204933234
69.96564606260769
960.177671241901
732.5391550253318
102.23776082552072
929.4059826077089
867.9005700773829
543.9267940923272
162.55144759586938
137.7250157267309
284.81110298443656
756.3446900288183
689.0967227443934
226.8879584661938
667.040721092205
805.6280655388749
591.7548747538864
605.1717948977545
138.67497356855085
55.787471934375056
871.2418039123639
108.37108938749496
832.1257841669535
920.1840137921673
995.8140265856268
137.3027442711845
909.4111746620883
609.5243806624258
754.9172156317587
569.7679272684305
868.4777971766885
75.03668157618581
821.8198422001573
986.2858010580298
523.0024576840335
159.46565569457337
693.6983238043055
996.7012572634244
674.8160195684793
321.4830498855481
147.1798156668974
2.23653970123161
132.83895206287278
236.5467082490077
499.4860881579759
788.9930860760143
695.8863429982823
