2.23653970123161
20.2930089346105
42.892149201659734
55.787471934375056
69.96564606260769
75.03668157618581
102.23776082552072
108.37108938749496
121.73473002632385
132.83895206287278
137.3027442711845
137.7250157267309
138.67497356855085
147.1798156668974
153.72019012463966
159.46565569457337
162.55144759586938
193.5667342347517
195.81335601866869
225.40018476195235
226.8879584661938
236.23350559127687
236.5467082490077
244.71289204933234
248.96071472255343
273.83757281928666
284.81110298443656
298.3921006726953
321.4830498855481
337.12611681204896
371.65445330929793
379.58428780195607
405.6417294146929
444.3581945879661
457.03640082632137
499.4860881579759
514.7877132027508
523.0024576840335
525.9809644271778
532.4592076614645
543.9267940923272
552.8594039241137
556.0348582273384
564.4885815924777
567.5720172103012
569.7679272684305
591.7548747538864
600.1656106797532
603.5520756315109
605.1717948977545
609.5243806624258
611.5080803304767
615.8732991382582
635.3162689470046
637.7489404656719
654.2447581427136
662.221736707962
667.040721092205
674.8160195684793
689.0967227443934
693.6983238043055
695.090905771579
695.8863429982823
717.0654509005137
726.6264024197421
728.829394789128
732.5391550253318
754.9172156317587
756.3446900288183
768.6685458984896
772.6972860214032
780.9066924681782
788.9930860760143
805.6280655388749
821.8198422001573
828.2578288969772
832.1257841669535
839.5380216931807
853.5650719401694
858.9075628648901
867.9005700773829
868.4777971766885
870.9408783097422
871.2418039123639
901.8504236239119
902.3201246612157
904.6023751831231
909.4111746620883
913.4906730801911
920.1840137921673
925.3291812351763
929.4059826077089
942.315974511703
960.177671241901
960.3331102017653
981.8606211105272
986.2858010580298
991.1928588181094
995.8140265856268
996.7012572634244
